[gd_scene load_steps=2 format=3 uid="uid://o5bmetcsbsju"]

[ext_resource type="PackedScene" uid="uid://cvsyphh4cdf6p" path="res://player.glb" id="1_6862b"]

[node name="player" instance=ExtResource("1_6862b")]
transform = Transform3D(-4.37114e-08, 0, 1, 0, 1, 0, -1, 0, -4.37114e-08, 0, 0, 0)

[node name="Skeleton3D" parent="Armature" index="0"]
bones/1/rotation = Quaternion(0.700225, 0.64879, -0.127912, 0.269065)
bones/3/rotation = Quaternion(0.709125, 0.63365, 0.125985, -0.282412)
bones/6/position = Vector3(2.80403, 1.33972, 1.70113)
bones/7/position = Vector3(2.47337, 1.29194, -1.70113)
bones/7/rotation = Quaternion(0.983656, -8.92175e-17, -8.92175e-17, -0.180056)
bones/8/rotation = Quaternion(-5.25766e-18, -1.10617e-16, 0.084464, 0.996427)

[node name="Right Hand" parent="Armature/Skeleton3D" index="0"]
transform = Transform3D(-0.147674, -0.981051, -0.125421, 0.542343, 0.0257213, -0.839763, 0.827077, -0.192033, 0.528268, 0.962647, 1.242, 1.09176)

[node name="Left Hand" parent="Armature/Skeleton3D" index="1"]
transform = Transform3D(-0.153941, -0.974166, 0.165232, 0.559027, 0.0520176, 0.827515, -0.81473, 0.219758, 0.536579, 0.968916, 1.22517, -1.11832)

[node name="Head" parent="Armature/Skeleton3D" index="2"]
transform = Transform3D(0.985732, -0.168324, -2.45583e-18, 0.168324, 0.985732, 2.91669e-17, -2.48872e-18, -2.91641e-17, 1, -0.121639, 3.2717, -2.10754e-17)
