[gd_scene load_steps=10 format=3 uid="uid://d0ud0w5xovdup"]

[ext_resource type="PackedScene" uid="uid://d3juer55b315x" path="res://scenes/player/player.tscn" id="1_yolim"]
[ext_resource type="PackedScene" uid="uid://bt2gfgcl2t6gp" path="res://scenes/interactable/delivery_box.tscn" id="2_omeat"]
[ext_resource type="PackedScene" uid="uid://bnuoc81h68xf3" path="res://scenes/water/water_test.tscn" id="3_eq0fq"]

[sub_resource type="PhysicsMaterial" id="PhysicsMaterial_jcwer"]

[sub_resource type="BoxShape3D" id="BoxShape3D_76tob"]
size = Vector3(30, 1, 30)

[sub_resource type="BoxMesh" id="BoxMesh_wwaoq"]
size = Vector3(30, 1, 30)

[sub_resource type="ProceduralSkyMaterial" id="ProceduralSkyMaterial_06fxu"]
ground_bottom_color = Color(0.607843, 0.741176, 0.505882, 1)

[sub_resource type="Sky" id="Sky_fxvtn"]
sky_material = SubResource("ProceduralSkyMaterial_06fxu")

[sub_resource type="Environment" id="Environment_fm4iv"]
background_mode = 2
background_color = Color(0.6768, 0.86104, 0.94, 1)
sky = SubResource("Sky_fxvtn")
ambient_light_source = 3
ambient_light_color = Color(0.811765, 0.870588, 0.839216, 1)
ambient_light_sky_contribution = 0.7

[node name="Main" type="Node"]

[node name="Ground" type="StaticBody3D" parent="."]
transform = Transform3D(1, 0, 0, 0, 1, 0, 0, 0, 1, -0.0227242, -1.29468, 0.128731)
physics_material_override = SubResource("PhysicsMaterial_jcwer")

[node name="CollisionShape3D" type="CollisionShape3D" parent="Ground"]
shape = SubResource("BoxShape3D_76tob")

[node name="MeshInstance3D" type="MeshInstance3D" parent="Ground"]
mesh = SubResource("BoxMesh_wwaoq")

[node name="DirectionalLight3D" type="DirectionalLight3D" parent="."]
transform = Transform3D(0.942805, 0.0118487, -0.333136, 0.333346, -0.0335118, 0.942209, 0, -0.999368, -0.0355448, 0, 36.586, -59.3348)
light_color = Color(0.92549, 1, 0.94902, 1)
shadow_enabled = true
shadow_opacity = 0.8
shadow_blur = 5.0

[node name="CharacterBody3D" parent="." instance=ExtResource("1_yolim")]
transform = Transform3D(1, 0, 0, 0, 1, 0, 0, 0, 1, 0, -0.879568, 0)

[node name="Marker3D" type="Marker3D" parent="."]
transform = Transform3D(0.866025, 0.245452, -0.435607, 0, 0.871214, 0.490904, 0.5, -0.425135, 0.754493, -13.316, 20.658, 40.689)

[node name="Camera3D" type="Camera3D" parent="Marker3D"]
transform = Transform3D(0.998764, -0.0167715, -0.0467913, 0.0199827, 0.997414, 0.0690304, 0.0455126, -0.0698805, 0.996517, -11.6595, 3.14982, 40.7645)
current = true
fov = 30.0

[node name="WorldEnvironment" type="WorldEnvironment" parent="."]
environment = SubResource("Environment_fm4iv")

[node name="Delivery Box" parent="." instance=ExtResource("2_omeat")]
transform = Transform3D(1, 0, 0, 0, 1, 0, 0, 0, 1, -8, 0, -8)

[node name="MeshInstance3D" parent="." instance=ExtResource("3_eq0fq")]
transform = Transform3D(1, 0, 0, 0, 1, 0, 0, 0, 1, -2.46371, -10.0048, -4.7265)
